function cc=abscoeff1;
% Specific	extinction	coeffs	measured	by	Mark Cope
% ext.	coeff	in	OD/mM/cm					
% WL     Hb	        HbO2	  cyt	    
%(nm)                      
% ---------------------------------------------------------------------------------	
cc=[
650	3.734150803	0.386800036	4.9292424
651	3.702968459	0.379204226	4.8923273
652	3.671786116	0.372103511	4.8554123
653	3.640473483	0.365806241	4.8067713
654	3.611679759	0.36000841	4.7581303
655	3.583190041	0.354410354	4.7029749
656	3.554613465	0.349411624	4.6482538
657	3.525993458	0.345012221	4.5878869
658	3.497330023	0.340912481	4.5279543
659	3.468623158	0.337516299	4.4636787
660	3.439916292	0.334515324	4.3998374
661	3.405346452	0.331714124	4.3320006
662	3.37086347	0.329316819	4.2639032
663	3.3362502	0.32751884	4.1917235
664	3.298162574	0.325916293	4.1195437
665	3.257382322	0.324417977	4.0445845
666	3.21660207	0.323319212	3.969495
667	3.175387524	0.322619998	3.8973153
668	3.131914647	0.321916441	3.8251355
669	3.088311481	0.32151689	3.7519569
670	3.044708315	0.321217227	3.6787783
671	2.998542812	0.321117339	3.6063814
672	2.951161284	0.321117339	3.5339845
673	2.903779756	0.321317114	3.4626299
674	2.856181081	0.321317114	3.3912319
675	2.807974394	0.321017451	3.3215711
676	2.759897995	0.320717788	3.2518668
677	2.711691307	0.320518013	3.1832917
678	2.664526927	0.320418125	3.1148035
679	2.617623123	0.320018574	3.0554354
680	2.57063246	0.31931936	2.9960239
681	2.524162951	0.318520258	2.9488595
682	2.478171165	0.318020819	2.9016517
683	2.432266238	0.317217375	2.8615663
684	2.386404741	0.316218497	2.8215678
685	2.343018723	0.315619171	2.7851739
686	2.299806422	0.315019844	2.7486932
687	2.256637551	0.313921079	2.7172937
688	2.215640152	0.313421641	2.6859377
689	2.176640507	0.312522651	2.6590114
690	2.137640863	0.312218645	2.6321286
691	2.099162372	0.312118757	2.6086332
692	2.065070255	0.312118757	2.585051
693	2.030978138	0.312218645	2.5655512
694	1.996886022	0.312422763	2.5461383
695	1.966007684	0.312922202	2.5233378
696	1.936519089	0.313921079	2.5006676
697	1.907117353	0.314720181	2.4799518
698	1.878627635	0.316318385	2.4592794
699	1.852526536	0.318020819	2.4370001
700	1.826555726	0.319818798	2.4148076
701	1.800541487	0.321816553	2.3915729
702	1.777263303	0.324218202	2.3683815
703	1.754332554	0.326815283	2.3431924
704	1.731445235	0.329516594	2.3179165
705	1.709469934	0.332213563	2.2948989
706	1.688276364	0.33511465	2.2719247
707	1.667082793	0.338515176	2.244043
708	1.645976081	0.341711583	2.2161179
709	1.626302541	0.344912334	2.188323
710	1.606585572	0.348412747	2.1606585
711	1.586912032	0.352308369	2.1356431
712	1.567281922	0.356308221	2.1106712
713	1.54769524	0.360108297	2.0815735
714	1.528108559	0.363808486	2.0524757
715	1.508912743	0.367908226	2.0249849
716	1.49032494	0.372303286	1.997494
717	1.471737136	0.376403026	1.9730867
718	1.453149332	0.380602654	1.9487228
719	1.436124988	0.38530172	1.9269212
720	1.419317792	0.389801011	1.9050327
721	1.402554025	0.394200414	1.8874004
722	1.387136571	0.398699705	1.8698115
723	1.372935141	0.403398771	1.8573472
724	1.358864	0.408197725	1.8448395
725	1.345270583	0.413196455	1.8352416
726	1.334847516	0.417995409	1.8256437
727	1.324554736	0.42289425	1.8175224
728	1.314261957	0.427992868	1.8094445
729	1.30774754	0.433091485	1.8053622
730	1.302579436	0.438159701	1.8012364
731	1.297281043	0.443371235	1.8005415
732	1.294284411	0.448669628	1.7999335
733	1.294675276	0.453881162	1.7994558
734	1.294979282	0.459179554	1.7989346
735	1.295587294	0.464477947	1.8005415
736	1.302449147	0.469863199	1.8021484
737	1.309267571	0.47524845	1.8040593
738	1.316085994	0.480937708	1.8059267
739	1.32737765	0.486366389	1.8102263
740	1.34075392	0.491838499	1.8145258
741	1.35417362	0.497440898	1.820823
742	1.369330497	0.503043297	1.8270335
743	1.388352596	0.508732555	1.8332439
744	1.407461553	0.514552101	1.8394108
745	1.426440221	0.520154499	1.8446224
746	1.449718406	0.525756898	1.8497471
747	1.473213737	0.531576444	1.8538294
748	1.496709068	0.537482849	1.8580421
749	1.520812412	0.543476113	1.8630365
750	1.54539348	0.549339088	1.8680309
751	1.569887688	0.555245493	1.8763259
752	1.59338302	0.561151898	1.8846209
753	1.61379486	0.567058303	1.8912222
754	1.634163272	0.572964708	1.8978235
755	1.654488253	0.578957972	1.9014281
756	1.66417302	0.585472389	1.9050327
757	1.67285891	0.591031359	1.9081162
758	1.681588229	0.59724177	1.9111997
759	1.681153934	0.602931027	1.9143266
760	1.674074934	0.609445445	1.9173233
761	1.666995934	0.615525567	1.9201028
762	1.656182002	0.621735978	1.9230125
763	1.633902695	0.628120107	1.9280069
764	1.611710247	0.634330518	1.9330013
765	1.589387511	0.640540929	1.9386037
766	1.557814302	0.64675134	1.9441192
767	1.525502792	0.653352617	1.9492874
768	1.493104424	0.659432739	1.954412
769	1.458621442	0.66564315	1.9597104
770	1.422531571	0.671810132	1.9650957
771	1.386528559	0.678324549	1.9700032
772	1.350959841	0.684708678	1.9749107
773	1.316563718	0.690919089	1.9805131
774	1.282167595	0.697216359	1.9862024
775	1.247771472	0.703600488	1.9947146
776	1.217197141	0.709941187	2.0031833
777	1.186709668	0.716412175	2.0149961
778	1.156309055	0.722709445	2.0267655
779	1.129513085	0.729527868	2.0381874
780	1.10471487	0.735825138	2.0494791
781	1.080046944	0.74199212	2.0606839
782	1.056812189	0.74828939	2.0718887
783	1.036921502	0.754716948	2.0845701
784	1.017030815	0.761101077	2.0973818
785	0.997226986	0.767919501	2.1075443
786	0.981939821	0.774086482	2.1177502
787	0.966565796	0.780600899	2.1265664
788	0.95127863	0.787202176	2.1354694
789	0.938249796	0.793890311	2.1427655
790	0.926176409	0.800317869	2.1500617
791	0.914059593	0.806788857	2.156663
792	0.903158802	0.813172985	2.1632642
793	0.893691182	0.819470255	2.1757285
794	0.884180133	0.82620182	2.1881493
795	0.87497309	0.832803096	2.200961
796	0.867372937	0.838970078	2.2136424
797	0.859772783	0.845571354	2.2273227
798	0.85217263	0.85217263	2.2410464
799	0.84587536	0.858600188	2.2512089
800	0.839664949	0.865071176	2.2613279
801	0.833584826	0.871368446	2.2660183
802	0.828286433	0.877796004	2.2707087
803	0.823509194	0.884266992	2.2756162
804	0.818775384	0.89069455	2.2806106
805	0.81438901	0.897078679	2.2864302
806	0.810914654	0.903549667	2.2921194
807	0.80731001	0.909977225	2.2985035
808	0.803792225	0.916187636	2.3049311
809	0.801186458	0.922484906	2.3107941
810	0.798493832	0.928869035	2.3166136
811	0.795888065	0.935166305	2.3206091
812	0.793890311	0.941376716	2.3246915
813	0.791979415	0.947543698	2.3275144
814	0.790198807	0.95366725	2.3302939
815	0.788591918	0.960051379	2.3328997
816	0.787202176	0.966348649	2.3355054
817	0.785899292	0.97255906	2.3381981
818	0.784683268	0.978639183	2.3408907
819	0.783988396	0.984545587	2.3435833
820	0.783206666	0.990842857	2.3463194
821	0.782511795	0.997053269	2.347188
822	0.781990642	1.002959673	2.3480131
823	0.781512918	1.008822649	2.3464931
824	0.780991764	1.01503306	2.3448862
825	0.780687758	1.020852606	2.3423239
826	0.780600899	1.027019588	2.3397181
827	0.780383752	1.033056281	2.3362872
828	0.780296893	1.039049545	2.3328997
829	0.780210034	1.044651944	2.3294253
830	0.780210034	1.05042806	2.3259075
831	0.780210034	1.056117318	2.3226937
832	0.780210034	1.061850005	2.3193931
833	0.780210034	1.067712981	2.3168308
834	0.780296893	1.073619385	2.314225
835	0.780296893	1.079438931	2.3125313
836	0.780383752	1.084824183	2.3107072
837	0.780514041	1.090426582	2.3100123
838	0.780687758	1.095942122	2.3092306
839	0.780991764	1.101501091	2.3084055
840	0.781295771	1.106929772	2.3074934
841	0.781512918	1.112532171	2.305626
842	0.781816924	1.117917422	2.3037151
843	0.78212093	1.122998668	2.3013265
844	0.782511795	1.128297061	2.2988944
845	0.783119807	1.133595453	2.2966361
846	0.78368439	1.138806987	2.294204
847	0.784292402	1.143888232	2.2928143
848	0.784813556	1.149099766	2.2913377
849	0.785421568	1.154398159	2.2905994
850	0.785899292	1.159305686	2.2899045
851	0.786898169	1.164213214	2.2872987
852	0.787810188	1.169120742	2.2847364
853	0.788809065	1.173897981	2.2799157
854	0.789894801	1.17871865	2.2751385
