function c=abscoeff;
% Specific	extinction	coeffs	measured	by	Mark Cope
% based on NIRO300.tbl
% ICG measured by Roger
% ext.	coeff	in	OD/mM/cm					
% WL Hb	    HbO2	cyt	    H2O	    ICG      mus	DPF     ICG
%(nm)                       (OD/cm) (Mark)   (/mm)          (Roger)
% ---------------------------------------------------------------------------------	
c=[
740	1.3411	0.492	1.815	0.0107	91.215	1.3562	1.0273	80.859	
741	1.3545	0.4976	1.8213	0.0107	91.342	1.3542	1.0253	80.987	
742	1.3697	0.5032	1.8275	0.0107	91.425	1.3522	1.0233	81.575	
743	1.3887	0.5089	1.8337	0.0107	91.467	1.3502	1.0213	81.734	
744	1.4078	0.5147	1.8399	0.0107	91.55	1.3482	1.0193	82.505	
745	1.4268	0.5203	1.8451	0.0107	91.609	1.3462	1.0174	82.528	
746	1.4501	0.5259	1.8502	0.0107	91.809	1.3443	1.0151	83.101	
747	1.4736	0.5317	1.8543	0.0107	92.396	1.3423	1.0128	83.533	
748	1.4971	0.5376	1.8585	0.0107	93.142	1.3403	1.0105	83.685	
749	1.5212	0.5436	1.8635	0.0107	94.026	1.3383	1.0083	84.554	
750	1.5458	0.5495	1.8685	0.0107	94.838	1.3364	1.006	84.7	
751	1.5703	0.5554	1.8768	0.0107	95.657	1.3344	1.0037	85.431	
752	1.5938	0.5613	1.8851	0.0107	96.438	1.3325	1.0013	85.696
753	1.6142	0.5672	1.8917	0.0107	97.087	1.3305	0.999	86.459
754	1.6346	0.5731	1.8983	0.0107	97.675	1.3286	0.9967	86.91
755	1.6549	0.5791	1.9019	0.0106	98.279	1.3266	0.9944	87.615
756	1.6646	0.5856	1.9055	0.0106	98.858	1.3247	0.994	88.413
757	1.6733	0.5912	1.9086	0.0106	99.529	1.3228	0.9936	89.279
758	1.682	0.5974	1.9117	0.0106	100.337	1.3208	0.9932	90.33
759	1.6816	0.6031	1.9148	0.0105	101.153	1.3189	0.9928	91.664
760	1.6745	0.6096	1.9178	0.0105	102.119	1.317	0.9923	93.18
761	1.6674	0.6157	1.9206	0.0105	103.217	1.3151	0.9923	93.973
762	1.6566	0.6219	1.9235	0.0105	104.518	1.3132	0.9923	95.515
763	1.6343	0.6283	1.9285	0.0104	105.888	1.3112	0.9923	97.459
764	1.6121	0.6345	1.9335	0.0104	107.346	1.3093	0.9922	99.267
765	1.5898	0.6407	1.9391	0.0103	108.93	1.3074	0.9922	100.427
766	1.5582	0.6469	1.9446	0.0103	110.611	1.3056	0.9929	101.718
767	1.5259	0.6535	1.9498	0.0102	112.443	1.3037	0.9936	103.988
768	1.4935	0.6596	1.9549	0.0102	114.299	1.3018	0.9943	106.593
769	1.459	0.6658	1.9602	0.0102	116.152	1.2999	0.9951	108.724
770	1.4229	0.672	1.9656	0.0101	118.149	1.298	0.9958	111.362
771	1.3869	0.6785	1.9705	0.0101	120.42	1.2961	0.9965	113.925
772	1.3513	0.6849	1.9754	0.01	122.634	1.2943	0.9972	116.123
773	1.3169	0.6911	1.981	0.0099	124.999	1.2924	0.998	118.744
774	1.2825	0.6974	1.9867	0.0098	127.453	1.2906	0.9987	121.54
775	1.2481	0.7038	1.9952	0.0097	129.92	1.2887	0.9994	124.316
776	1.2175	0.7101	2.0037	0.0097	132.439	1.2869	0.9995	127.337
777	1.187	0.7166	2.0155	0.0096	135.047	1.285	0.9997	131.038
778	1.1566	0.7229	2.0273	0.0095	137.755	1.2832	0.9998	133.931
779	1.1298	0.7297	2.0387	0.0094	140.531	1.2813	0.9999	136.834
780	1.105	0.736	2.05	0.0094	143.355	1.2795	1	    139.519
781	1.0803	0.7422	2.0612	0.0093	145.973	1.2777	0.9996	143.318
782	1.0571	0.7485	2.0724	0.0092	148.724	1.2758	0.9991	147.465
783	1.0372	0.7549	2.0851	0.0091	151.481	1.274	0.9987	151.234
784	1.0173	0.7613	2.0979	0.009	154.449	1.2722	0.9982	154.552
785	0.9975	0.7681	2.1081	0.0089	157.24	1.2704	0.9978	157.73
786	0.9822	0.7743	2.1183	0.0088	160.08	1.2686	0.9971	161.019
787	0.9668	0.7808	2.1271	0.0088	162.876	1.2668	0.9965	164.08
788	0.9515	0.7874	2.136	0.0086	165.591	1.265	0.9958	167.479
789	0.9385	0.7941	2.1433	0.0085	168.061	1.2632	0.9951	171.167
790	0.9264	0.8005	2.1506	0.0084	170.423	1.2614	0.9945	174.657
791	0.9143	0.807	2.1572	0.0083	172.857	1.2596	0.9937	177.511
792	0.9034	0.8134	2.1638	0.0083	175.069	1.2578	0.9929	180.804
793	0.8939	0.8197	2.1763	0.0082	177.044	1.256	0.9922	183.91
794	0.8844	0.8264	2.1887	0.0082	178.774	1.2543	0.9914	186.221
795	0.8752	0.833	2.2015	0.0081	180.282	1.2525	0.9906	189.63
796	0.8676	0.8392	2.2142	0.008	181.646	1.2507	0.9883	192.254
797	0.86	0.8458	2.2279	0.008	182.822	1.249	0.9859	193.911
798	0.8524	0.8524	2.2416	0.0079	183.634	1.2472	0.9835	196.022
799	0.8461	0.8588	2.2518	0.0079	184.191	1.2454	0.9812	197.365
800	0.8399	0.8653	2.2619	0.0078	184.486	1.2437	0.9788	199.156
801	0.8338	0.8716	2.2666	0.0078	184.327	1.242	0.9779	200.396
802	0.8285	0.878	2.2713	0.0078	183.896	1.2402	0.977	201.623
803	0.8237	0.8845	2.2762	0.0078	183.121	1.2385	0.976	202.69
804	0.819	0.8909	2.2812	0.0078	181.905	1.2367	0.9751	202.488
805	0.8146	0.8973	2.287	0.0078	180.489	1.235	0.9742	202.695
806	0.8111	0.9038	2.2927	0.0078	178.749	1.2333	0.9732	202.256
807	0.8075	0.9102	2.2991	0.0078	176.638	1.2315	0.9721	200.839
808	0.804	0.9164	2.3055	0.0078	174.168	1.2298	0.9711	199.668
809	0.8014	0.9227	2.3114	0.0079	171.348	1.2281	0.9701	198.391
810	0.7987	0.9291	2.3172	0.008	168.144	1.2264	0.969	196.64
811	0.7961	0.9354	2.3212	0.008	164.66	1.2247	0.9675	195.03
812	0.7941	0.9416	2.3253	0.0081	160.876	1.223	0.966	192.655
813	0.7922	0.9478	2.3281	0.0081	156.794	1.2213	0.9645	190.139
814	0.7904	0.9539	2.3309	0.0082	152.497	1.2196	0.963	187.112
815	0.7888	0.9603	2.3335	0.0084	147.967	1.2179	0.9615	183.493
816	0.7874	0.9666	2.3361	0.0085	143.141	1.2162	0.9599	179.439
817	0.7861	0.9728	2.3388	0.0087	138.321	1.2145	0.9583	175.277
818	0.7849	0.9789	2.3415	0.0089	133.392	1.2128	0.9567	171.599
819	0.7842	0.9848	2.3442	0.0092	128.358	1.2112	0.955	167.407
820	0.7834	0.9911	2.3469	0.0095	123.272	1.2095	0.9534	162.723
821	0.7827	0.9973	2.3478	0.0098	117.998	1.2078	0.9516	157.265
822	0.7822	1.0032	2.3486	0.0102	112.647	1.2062	0.9497	151.942
823	0.7817	1.0091	2.3471	0.0106	107.193	1.2045	0.9479	146.859
824	0.7812	1.0153	2.3455	0.0111	101.856	1.2028	0.946	141.803
825	0.7809	1.0211	2.3429	0.0116	96.695	1.2012	0.9442	137.313
826	0.7808	1.0273	2.3403	0.0121	92.019	1.1995	0.9421	132.522
827	0.7806	1.0333	2.3369	0.0126	87.11	1.1979	0.9401	125.334
828	0.7805	1.0393	2.3335	0.013	82.133	1.1962	0.9381	119.701
829	0.7804	1.0449	2.33	0.0134	77.408	1.1946	0.936	115.171
830	0.7804	1.0507	2.3265	0.0137	72.913	1.193	0.934	110.176
831	0.7804	1.0564	2.3233	0.014	68.839	1.1913	0.9321	105.113
832	0.7804	1.0621	2.32	0.0142	64.757	1.1897	0.9302	99.932
833	0.7804	1.068	2.3174	0.0143	60.745	1.1881	0.9283	94.862
834	0.7805	1.0739	2.3148	0.0145	56.729	1.1864	0.9264	89.896
835	0.7805	1.0797	2.3131	0.0147	53.103	1.1848	0.9245	84.665
836	0.7806	1.0851	2.3113	0.0149	49.582	1.1832	0.9226	80.376
837	0.7807	1.0907	2.3106	0.0151	46.272	1.1816	0.9208	75.589
838	0.7809	1.0962	2.3098	0.0153	43.256	1.18	0.9189	71.092
839	0.7812	1.1018	2.309	0.0153	40.423	1.1784	0.9171	67.291
840	0.7815	1.1072	2.3081	0.0154	37.742	1.1768	0.9152	61.772
841	0.7817	1.1128	2.3062	0.0155	35.103	1.1752	0.9154	58.29
842	0.782	1.1182	2.3043	0.0157	32.745	1.1736	0.9157	54.51
843	0.7823	1.1233	2.3019	0.0158	30.662	1.172	0.9159	50.954
844	0.7827	1.1286	2.2995	0.0159	28.604	1.1704	0.9162	47.961
845	0.7833	1.1339	2.2972	0.016	26.725	1.1688	0.9164	45.064
846	0.7839	1.1391	2.2948	0.0161	24.89	1.1672	0.9151	41.638
847	0.7845	1.1442	2.2934	0.0162	23.297	1.1657	0.9137	38.048
848	0.785	1.1494	2.2919	0.0164	21.731	1.1641	0.9124	35.442
849	0.7856	1.1547	2.2912	0.0165	20.292	1.1625	0.911	33.503
850	0.7861	1.1596	2.2905	0.0165	18.994	1.161	0.9097	31.59
851	0.7871	1.1645	2.2879	0.0167	17.815	1.1594	0.9083	29.067
852	0.788	1.1694	2.2853	0.0169	16.728	1.1578	0.907	26.597
853	0.789	1.1742	2.2805	0.0171	15.679	1.1563	0.9056	24.173
854	0.7901	1.179	2.2757	0.0173	14.724	1.1547	0.9043	22.555
855	0.7912	1.1842	2.2685	0.0174	13.988	1.1532	0.9029	21.036
856	0.7923	1.1885	2.2613	0.0176	13.227	1.1516	0.9016	19.484
857	0.7935	1.1934	2.2527	0.0177	12.517	1.1501	0.9002	18.037
858	0.7949	1.198	2.2442	0.0178	11.879	1.1486	0.8989	16.638
859	0.7963	1.2026	2.2373	0.0178	11.242	1.147	0.8975	15.543
860	0.7977	1.2071	2.2303	0.0179	10.654	1.1455	0.8962	14.558
861	0.7993	1.2114	2.2259	0.018	10.273	1.144	0.895	13.287
862	0.8009	1.2156	2.2214	0.0183	9.733	1.1424	0.8938	12.114
863	0.8025	1.22	2.217	0.0186	9.315	1.1409	0.8927	11.168
864	0.8044	1.2245	2.2127	0.0189	8.994	1.1394	0.8915	10.535
865	0.8063	1.2286	2.2069	0.0193	8.63	1.1379	0.8903	9.592
